# Generated by conda-lock.
# platform: win-64
# input_hash: bbdd0bb922174f6b64c01f0e9c8017c096bbf292beeb3cf11361220a21aaa957

channels:
  - conda-forge
dependencies:
  - ca-certificates=2023.7.22=h56e8100_0
  - intel-openmp=2023.2.0=h57928b3_49502
  - python_abi=3.9=4_cp39
  - tzdata=2023c=h71feb2d_0
  - ucrt=10.0.22621.0=h57928b3_0
  - vc14_runtime=14.36.32532=hdcecf7f_17
  - vc=14.3=h64f974e_17
  - vs2015_runtime=14.36.32532=h05e6639_17
  - bzip2=1.0.8=h8ffe710_4
  - icu=72.1=h63175ca_0
  - libffi=3.4.2=h8ffe710_5
  - libiconv=1.17=h8ffe710_0
  - libjpeg-turbo=2.1.5.1=hcfcfb64_1
  - libogg=1.3.4=h8ffe710_1
  - libsqlite=3.43.0=hcfcfb64_0
  - libwebp-base=1.3.2=hcfcfb64_0
  - libzlib=1.2.13=hcfcfb64_5
  - openssl=3.1.3=hcfcfb64_0
  - pthreads-win32=2.9.1=hfa6e2cd_3
  - tk=8.6.12=h8ffe710_0
  - xz=5.2.6=h8d14728_0
  - gettext=0.21.1=h5728263_0
  - krb5=1.20.1=heb0366b_0
  - libpng=1.6.39=h19919ed_0
  - libvorbis=1.3.7=h0e60522_0
  - libwebp=1.3.2=hcfcfb64_0
  - libxml2=2.11.5=hc3477c8_1
  - pcre2=10.40=h17e33f8_0
  - python=3.9.18=h4de0772_0_cpython
  - zstd=1.5.5=h12be248_0
  - blinker=1.6.2=pyhd8ed1ab_0
  - brotli-python=1.1.0=py39h99910a6_0
  - certifi=2023.7.22=pyhd8ed1ab_0
  - charset-normalizer=3.2.0=pyhd8ed1ab_0
  - colorama=0.4.6=pyhd8ed1ab_0
  - idna=3.4=pyhd8ed1ab_0
  - itsdangerous=2.1.2=pyhd8ed1ab_0
  - libclang13=16.0.6=default_hc80b9e7_1
  - libglib=2.78.0=he8f3873_0
  - libhwloc=2.9.2=default_haede6df_1009
  - libxslt=1.1.37=h6070c61_1
  - markupsafe=2.1.3=py39ha55989b_0
  - nest-asyncio=1.5.6=pyhd8ed1ab_0
  - packaging=23.1=pyhd8ed1ab_0
  - ply=3.11=py_1
  - setuptools=68.2.2=pyhd8ed1ab_0
  - six=1.16.0=pyh6c4a22f_0
  - tenacity=8.2.3=pyhd8ed1ab_0
  - tomli=2.0.1=pyhd8ed1ab_0
  - typing_extensions=4.8.0=pyha770c72_0
  - wheel=0.41.2=pyhd8ed1ab_0
  - win_inet_pton=1.1.0=pyhd8ed1ab_6
  - zipp=3.17.0=pyhd8ed1ab_0
  - ansi2html=1.8.0=py39hcbf5309_1
  - click=8.1.7=win_pyh7428d3b_0
  - glib-tools=2.78.0=h12be248_0
  - importlib-metadata=6.8.0=pyha770c72_0
  - jinja2=3.1.2=pyhd8ed1ab_1
  - libclang=16.0.6=default_heb8d277_1
  - pip=23.2.1=pyhd8ed1ab_0
  - plotly=5.13.1=pyhd8ed1ab_0
  - pysocks=1.7.1=pyh0701188_6
  - retrying=1.3.3=py_2
  - sip=6.7.11=py39h99910a6_0
  - tbb=2021.10.0=h91493d7_0
  - typing-extensions=4.8.0=hd8ed1ab_0
  - werkzeug=2.3.7=pyhd8ed1ab_0
  - flask=2.3.3=pyhd8ed1ab_0
  - glib=2.78.0=h12be248_0
  - mkl=2022.1.0=h6a75c08_874
  - pyqt5-sip=12.12.2=py39h99910a6_4
  - urllib3=2.0.5=pyhd8ed1ab_0
  - gstreamer=1.22.6=hb4038d2_0
  - libblas=3.9.0=18_win64_mkl
  - requests=2.31.0=pyhd8ed1ab_0
  - dash=2.12.1=pyhd8ed1ab_0
  - gst-plugins-base=1.22.6=h001b923_0
  - libcblas=3.9.0=18_win64_mkl
  - liblapack=3.9.0=18_win64_mkl
  - numpy=1.23.5=py39hbccbffa_0
  - qt-main=5.15.8=h2c8576c_12
  - pyqt=5.15.9=py39hb77abff_4
  - pyside2=5.15.8=py39hdfd5cee_3
  - qt-webengine=5.15.8=h5b1ea0b_0
  - pyqtwebengine=5.15.9=py39h2f4a3f1_4
  - pip:
    - pillow === 9.5.0 --hash=sha256:77165c4a5e7d5a284f10a6efaa39a0ae8ba839da344f20b111d62cc932fa4e5d
    - h5py === 3.9.0 --hash=sha256:79bbca34696c6f9eeeb36a91776070c49a060b2879828e2c8fa6c58b8ed10dd1
    - geoh5py === 0.8.0rc1 --hash=sha256:e89dbc88d11973258d66533400330e80600a38b3545f602040c2de0f6fd4898c

variables:
  KMP_WARNINGS: 0
