# Generated by conda-lock.
# platform: win-64
# input_hash: 752abd4898158dd650342c350e758659da0ca087a53d4c34d161c23fb2c7b80f

channels:
  - conda-forge
dependencies:
  - ca-certificates=2023.7.22=h56e8100_0
  - intel-openmp=2023.2.0=h57928b3_50497
  - python_abi=3.10=4_cp310
  - tzdata=2023c=h71feb2d_0
  - ucrt=10.0.22621.0=h57928b3_0
  - vc14_runtime=14.36.32532=hdcecf7f_17
  - vc=14.3=h64f974e_17
  - vs2015_runtime=14.36.32532=h05e6639_17
  - bzip2=1.0.8=h8ffe710_4
  - icu=72.1=h63175ca_0
  - libffi=3.4.2=h8ffe710_5
  - libiconv=1.17=h8ffe710_0
  - libjpeg-turbo=2.1.5.1=hcfcfb64_1
  - libogg=1.3.4=h8ffe710_1
  - libsqlite=3.43.2=hcfcfb64_0
  - libwebp-base=1.3.2=hcfcfb64_0
  - libzlib=1.2.13=hcfcfb64_5
  - openssl=3.1.4=hcfcfb64_0
  - pthreads-win32=2.9.1=hfa6e2cd_3
  - tk=8.6.13=hcfcfb64_0
  - xz=5.2.6=h8d14728_0
  - gettext=0.21.1=h5728263_0
  - krb5=1.20.1=heb0366b_0
  - libpng=1.6.39=h19919ed_0
  - libvorbis=1.3.7=h0e60522_0
  - libwebp=1.3.2=hcfcfb64_1
  - libxml2=2.11.5=hc3477c8_1
  - pcre2=10.40=h17e33f8_0
  - python=3.10.13=h4de0772_0_cpython
  - zstd=1.5.5=h12be248_0
  - blinker=1.6.3=pyhd8ed1ab_0
  - brotli-python=1.1.0=py310h00ffb61_1
  - certifi=2023.7.22=pyhd8ed1ab_0
  - charset-normalizer=3.3.1=pyhd8ed1ab_0
  - colorama=0.4.6=pyhd8ed1ab_0
  - idna=3.4=pyhd8ed1ab_0
  - itsdangerous=2.1.2=pyhd8ed1ab_0
  - libclang13=16.0.6=default_hc80b9e7_1
  - libglib=2.78.0=he8f3873_0
  - libhwloc=2.9.3=default_haede6df_1009
  - libxslt=1.1.37=h6070c61_1
  - markupsafe=2.1.3=py310h8d17308_1
  - nest-asyncio=1.5.8=pyhd8ed1ab_0
  - packaging=23.2=pyhd8ed1ab_0
  - ply=3.11=py_1
  - setuptools=68.2.2=pyhd8ed1ab_0
  - six=1.16.0=pyh6c4a22f_0
  - tenacity=8.2.3=pyhd8ed1ab_0
  - toml=0.10.2=pyhd8ed1ab_0
  - typing_extensions=4.8.0=pyha770c72_0
  - wheel=0.41.2=pyhd8ed1ab_0
  - win_inet_pton=1.1.0=pyhd8ed1ab_6
  - zipp=3.17.0=pyhd8ed1ab_0
  - ansi2html=1.8.0=py310h5588dad_2
  - click=8.1.7=win_pyh7428d3b_0
  - glib-tools=2.78.0=h12be248_0
  - importlib-metadata=6.8.0=pyha770c72_0
  - jinja2=3.1.2=pyhd8ed1ab_1
  - libclang=16.0.6=default_heb8d277_1
  - pip=23.3.1=pyhd8ed1ab_0
  - plotly=5.13.1=pyhd8ed1ab_0
  - pysocks=1.7.1=pyh0701188_6
  - retrying=1.3.3=py_2
  - sip=6.7.12=py310h00ffb61_0
  - tbb=2021.10.0=h91493d7_2
  - typing-extensions=4.8.0=hd8ed1ab_0
  - werkzeug=3.0.1=pyhd8ed1ab_0
  - flask=3.0.0=pyhd8ed1ab_0
  - glib=2.78.0=h12be248_0
  - mkl=2023.2.0=h6a75c08_50496
  - pyqt5-sip=12.12.2=py310h00ffb61_5
  - urllib3=2.0.7=pyhd8ed1ab_0
  - gstreamer=1.22.6=hb4038d2_2
  - libblas=3.9.0=19_win64_mkl
  - requests=2.31.0=pyhd8ed1ab_0
  - dash=2.12.1=pyhd8ed1ab_0
  - gst-plugins-base=1.22.6=h001b923_2
  - libcblas=3.9.0=19_win64_mkl
  - liblapack=3.9.0=19_win64_mkl
  - numpy=1.23.5=py310h4a8f9c9_0
  - qt-main=5.15.8=h2c8576c_12
  - pyqt=5.15.9=py310h1fd54f2_5
  - pyside2=5.15.8=py310hd741ceb_3
  - qt-webengine=5.15.8=h5b1ea0b_0
  - pyqtwebengine=5.15.9=py310he49db7d_5
  - pip:
    - pillow === 9.5.0 --hash=sha256:d3c6b54e304c60c4181da1c9dadf83e4a54fd266a99c70ba646a9baa626819eb
    - h5py === 3.10.0 --hash=sha256:93dd840bd675787fc0b016f7a05fc6efe37312a08849d9dd4053fd0377b1357f
    - geoh5py === 0.8.0rc1 --hash=sha256:e89dbc88d11973258d66533400330e80600a38b3545f602040c2de0f6fd4898c

variables:
  KMP_WARNINGS: 0
