# Generated by conda-lock.
# platform: win-64
# input_hash: 180bcb2cd45df6c7f490b530c5cde00af2bdd7575db65ab5cb04d78914e129d8

channels:
  - conda-forge
dependencies:
  - ca-certificates=2023.5.7=h56e8100_0
  - intel-openmp=2023.1.0=h57928b3_46319
  - msys2-conda-epoch=20160418=1
  - python_abi=3.9=3_cp39
  - tzdata=2023c=h71feb2d_0
  - ucrt=10.0.22621.0=h57928b3_0
  - m2w64-gmp=6.1.0=2
  - m2w64-libwinpthread-git=5.0.0.4634.697f757=2
  - vc14_runtime=14.36.32532=hfdfe4a8_17
  - m2w64-gcc-libs-core=5.3.0=7
  - vc=14.3=h64f974e_17
  - vs2015_runtime=14.36.32532=h05e6639_17
  - bzip2=1.0.8=h8ffe710_4
  - lerc=4.0.0=h63175ca_0
  - libbrotlicommon=1.0.9=hcfcfb64_9
  - libdeflate=1.18=hcfcfb64_0
  - libffi=3.4.2=h8ffe710_5
  - libiconv=1.17=h8ffe710_0
  - libjpeg-turbo=2.1.5.1=hcfcfb64_0
  - libsqlite=3.42.0=hcfcfb64_0
  - libwebp-base=1.3.1=hcfcfb64_0
  - libzlib=1.2.13=hcfcfb64_5
  - m2w64-gcc-libgfortran=5.3.0=6
  - openssl=3.1.1=hcfcfb64_1
  - pthreads-win32=2.9.1=hfa6e2cd_3
  - tk=8.6.12=h8ffe710_0
  - xz=5.2.6=h8d14728_0
  - yaml=0.2.5=h8ffe710_2
  - libbrotlidec=1.0.9=hcfcfb64_9
  - libbrotlienc=1.0.9=hcfcfb64_9
  - libpng=1.6.39=h19919ed_0
  - libxml2=2.11.4=hc3477c8_0
  - m2w64-gcc-libs=5.3.0=7
  - python=3.9.16=h4de0772_0_cpython
  - zstd=1.5.2=h12be248_7
  - brotli-bin=1.0.9=hcfcfb64_9
  - brotli-python=1.0.9=py39h99910a6_9
  - certifi=2023.5.7=pyhd8ed1ab_0
  - charset-normalizer=3.1.0=pyhd8ed1ab_0
  - cloudpickle=2.2.1=pyhd8ed1ab_0
  - colorama=0.4.6=pyhd8ed1ab_0
  - cycler=0.11.0=pyhd8ed1ab_0
  - freetype=2.12.1=h546665d_1
  - fsspec=2023.6.0=pyh1a96a4e_0
  - idna=3.4=pyhd8ed1ab_0
  - kiwisolver=1.4.4=py39h1f6ef14_1
  - libhwloc=2.9.1=nocuda_h15da153_6
  - libtiff=4.5.1=h6c8260b_0
  - locket=1.0.0=pyhd8ed1ab_0
  - munkres=1.1.4=pyh9f0ad1d_0
  - packaging=23.1=pyhd8ed1ab_0
  - pthread-stubs=0.4=hcd874cb_1001
  - pyparsing=3.0.9=pyhd8ed1ab_0
  - pyyaml=6.0=py39ha55989b_5
  - setuptools=68.0.0=pyhd8ed1ab_0
  - six=1.16.0=pyh6c4a22f_0
  - toolz=0.12.0=pyhd8ed1ab_0
  - typing_extensions=4.7.1=pyha770c72_0
  - unicodedata2=15.0.0=py39ha55989b_0
  - wheel=0.40.0=pyhd8ed1ab_0
  - win_inet_pton=1.1.0=pyhd8ed1ab_6
  - xorg-libxau=1.0.11=hcd874cb_0
  - xorg-libxdmcp=1.1.3=hcd874cb_0
  - zipp=3.15.0=pyhd8ed1ab_0
  - brotli=1.0.9=hcfcfb64_9
  - importlib_resources=5.13.0=pyhd8ed1ab_0
  - lcms2=2.15=h3e3b177_1
  - libxcb=1.15=hcd874cb_0
  - openjpeg=2.5.0=ha2aaf27_2
  - partd=1.4.0=pyhd8ed1ab_0
  - pip=23.1.2=pyhd8ed1ab_0
  - pysocks=1.7.1=pyh0701188_6
  - python-dateutil=2.8.2=pyhd8ed1ab_0
  - tbb=2021.9.0=h91493d7_0
  - tqdm=4.65.0=pyhd8ed1ab_1
  - typing-extensions=4.7.1=hd8ed1ab_0
  - dask-core=2022.10.0=pyhd8ed1ab_2
  - fonttools=4.40.0=py39ha55989b_0
  - importlib-resources=5.13.0=pyhd8ed1ab_0
  - mkl=2022.1.0=h6a75c08_874
  - pillow=10.0.0=py39ha9166d5_0
  - platformdirs=3.8.1=pyhd8ed1ab_0
  - urllib3=2.0.3=pyhd8ed1ab_1
  - libblas=3.9.0=17_win64_mkl
  - requests=2.31.0=pyhd8ed1ab_0
  - libcblas=3.9.0=17_win64_mkl
  - liblapack=3.9.0=17_win64_mkl
  - pooch=1.7.0=pyha770c72_3
  - numpy=1.23.5=py39hbccbffa_0
  - contourpy=1.1.0=py39h1f6ef14_0
  - scipy=1.10.1=py39hde5eda1_3
  - matplotlib-base=3.7.2=py39ha3e071c_0
  - pip:
    - pillow === 9.5.0 --hash=sha256:77165c4a5e7d5a284f10a6efaa39a0ae8ba839da344f20b111d62cc932fa4e5d
    - h5py === 3.9.0 --hash=sha256:79bbca34696c6f9eeeb36a91776070c49a060b2879828e2c8fa6c58b8ed10dd1
    - geoh5py === 0.8.0a3 --hash=sha256:0c612491fff8972882658e5283b649cc4deadb7d83804ea2b5f4969bb05a89be
    - param-sweeps @ https://github.com/MiraGeoscience/param-sweeps/archive/refs/heads/develop.zip#sha256=300447c10b0748e0b902dbd4d2666e39d1facbb3047c21d9e03d6544712c2ef9

variables:
  KMP_WARNINGS: 0
