# Generated by conda-lock.
# platform: win-64
# input_hash: 0f28fe3d855610c9c1f2e724b2824361a44b4daf8144174394c2080c9776c559

channels:
  - conda-forge
dependencies:
  - ca-certificates=2022.12.7=h5b45459_0
  - intel-openmp=2023.0.0=h57928b3_25922
  - msys2-conda-epoch=20160418=1
  - python_abi=3.9=3_cp39
  - tzdata=2022g=h191b570_0
  - ucrt=10.0.22621.0=h57928b3_0
  - m2w64-gmp=6.1.0=2
  - m2w64-libwinpthread-git=5.0.0.4634.697f757=2
  - vs2015_runtime=14.34.31931=h4c5c07a_10
  - m2w64-gcc-libs-core=5.3.0=7
  - vc=14.3=hb6edc58_10
  - bzip2=1.0.8=h8ffe710_4
  - libffi=3.4.2=h8ffe710_5
  - libiconv=1.17=h8ffe710_0
  - libsqlite=3.40.0=hcfcfb64_0
  - libzlib=1.2.13=hcfcfb64_4
  - m2w64-gcc-libgfortran=5.3.0=6
  - openssl=3.0.8=hcfcfb64_0
  - pthreads-win32=2.9.1=hfa6e2cd_3
  - tk=8.6.12=h8ffe710_0
  - xz=5.2.6=h8d14728_0
  - krb5=1.20.1=heb0366b_0
  - libssh2=1.10.0=h9a1e1f7_3
  - libxml2=2.10.3=hc3477c8_0
  - m2w64-gcc-libs=5.3.0=7
  - python=3.9.16=h4de0772_0_cpython
  - appdirs=1.4.4=pyh9f0ad1d_0
  - cached_property=1.5.2=pyha770c72_1
  - certifi=2022.12.7=pyhd8ed1ab_0
  - charset-normalizer=2.1.1=pyhd8ed1ab_0
  - idna=3.4=pyhd8ed1ab_0
  - libcurl=7.88.1=h68f0423_0
  - libhwloc=2.9.0=h51c2c0f_0
  - packaging=23.0=pyhd8ed1ab_0
  - pycparser=2.21=pyhd8ed1ab_0
  - pytz=2022.7.1=pyhd8ed1ab_0
  - setuptools=67.4.0=pyhd8ed1ab_0
  - six=1.16.0=pyh6c4a22f_0
  - wheel=0.38.4=pyhd8ed1ab_0
  - win_inet_pton=1.1.0=pyhd8ed1ab_6
  - cached-property=1.5.2=hd8ed1ab_1
  - cffi=1.15.1=py39h68f70e3_3
  - hdf5=1.14.0=nompi_h5af7005_102
  - pip=23.0.1=pyhd8ed1ab_0
  - pysocks=1.7.1=pyh0701188_6
  - python-dateutil=2.8.2=pyhd8ed1ab_0
  - tbb=2021.8.0=h91493d7_0
  - brotlipy=0.7.0=py39ha55989b_1005
  - cryptography=39.0.1=py39hb6bd5e6_0
  - mkl=2022.1.0=h6a75c08_874
  - libblas=3.9.0=16_win64_mkl
  - pyopenssl=23.0.0=pyhd8ed1ab_0
  - libcblas=3.9.0=16_win64_mkl
  - liblapack=3.9.0=16_win64_mkl
  - urllib3=1.26.14=pyhd8ed1ab_0
  - numpy=1.22.4=py39h0948cea_0
  - requests=2.28.2=pyhd8ed1ab_0
  - h5py=3.8.0=nompi_py39h8a0c37c_101
  - pandas=1.5.3=py39h2ba5b7c_0
  - pooch=1.6.0=pyhd8ed1ab_0
  - scipy=1.10.1=py39hfbf2dce_0
  - pip:
    - pillow === 9.4.0 --hash=sha256:54614444887e0d3043557d9dbc697dbb16cfb5a35d672b7a0fcc1ed0cf1c600b
    - geoh5py === 0.6.0 --hash=sha256:a0bbb28a0c495622a55769d771b31067a67e33a4d083d870b039b243d45d9d4a

variables:
  KMP_WARNINGS: 0
